nbStage BNEfficiency BN1 BN2 Sigma noBN_CT Alter6_numit Alter6_TotalTime Alter6_CplexTime Alter6_totalBuffer Alter6Rev_numit Alter6Rev_TotalTime Alter6Rev_CplexTime Alter6Rev_totalBuffer Stolletz_numit Stolletz_TotalTime Stolletz_CplexTime Stolletz_totalBuffer
4 0.66 1 2 0.85 1.5 14 15.271 0.131 8 14 21.217 0.13301 8 35 7.03901 0.97301 8
4 0.66 1 2 0.9 1.5 20 14.506 0.538 11 20 31.90801 0.48401 11 120 26.584 9.44801 11
4 0.66 1 3 0.85 1.5 13 12.81901 0.57301 7 13 27.105 0.11001 7 20 3.50201 0.186 7
4 0.66 1 3 0.9 1.5 22 14.76901 0.278 9 22 32.39501 0.24301 9 62 11.39501 3.234 9
4 0.66 1 4 0.85 1.5 10 13.141 0.04501 6 10 21.34301 0.08601 6 10 2.04501 0.087 6
4 0.66 1 4 0.9 1.5 35 20.351 0.225 8 35 34.89 0.247 8 35 5.50501 0.593 8
4 0.66 2 3 0.85 1.5 20 20.16 0.29301 9 18 24.119 0.175 9 83 16.425 5.337 9
4 0.66 2 3 0.9 1.5 30 24.46101 0.741 11 26 28.90201 0.416 11 125 25.549 8.388 11
4 0.66 2 4 0.85 1.5 20 14.106 0.08901 7 11 21.448 0.11901 7 28 4.704 0.345 7
4 0.66 2 4 0.9 1.5 56 25.379 0.91601 9 25 31.644 0.533 9 61 11.605 3.67701 9
4 0.66 3 4 0.85 1.5 35 22.90601 0.405 8 10 25.733 0.06301 8 49 9.054 2.085 8
4 0.66 3 4 0.9 1.5 62 36.099 1.857 10 17 28.299 0.19001 10 111 25.703 10.49001 10
4 0.72 1 2 0.85 1.5 43 31.06901 2.168 15 30 31.80201 0.91501 15 383 95.406 42.30603 15
4 0.72 1 2 0.9 1.5 61 26.894 3.17501 20 50 40.946 2.544 20 997 265.02302 129.044 20
4 0.72 1 3 0.85 1.5 95 50.44 4.815 14 87 52.132 3.78001 14 290 52.50401 13.136 14
4 0.72 1 3 0.9 1.5 153 65.49501 8.02201 18 135 75.128 8.97701 18 692 133.476 40.85904 18
4 0.72 1 4 0.85 1.5 164 66.738 4.64301 12 163 83.29101 4.595 12 168 29.83201 7.06901 12
4 0.72 1 4 0.9 1.5 278 110.436 9.938 14 257 119 9.315 14 291 52.412 13.03701 14
4 0.72 2 3 0.85 1.5 75 39.57501 4.24901 18 50 39.09001 2.034 18 718 140.155 44.25401 18
4 0.72 2 3 0.9 1.5 90 47.738 5.40401 21 49 36.252 2.491 21 1192 281.45801 120.58799 21
4 0.72 2 4 0.85 1.5 223 111.95301 10.01101 14 81 48.49301 2.316 14 300 52.148 13.386 14
4 0.72 2 4 0.9 1.5 437 197.691 40.23601 18 117 74.701 10.612 18 700 193.396 90.64702 18
4 0.72 3 4 0.85 1.5 106 67.544 10.84001 15 31 35.88101 0.477 15 385 94.114 38.67402 15
4 0.72 3 4 0.9 1.5 205 122.74701 25.089 19 46 36.22701 0.94001 19 851 237.80901 114.4501 19
6 0.66 1 2 0.85 1.5 43 65.84201 3.82001 12 43 71.18901 4.17901 12 462 178.25301 80.04001 12
6 0.66 1 2 0.9 1.5 60 57.656 7.854 13 63 92.575 7.62501 13 799 310.56299 141.72394 13
6 0.66 1 4 0.85 1.5 62 53.46501 1.60001 10 60 82.03801 1.835 10 151 35.48301 7.339 10
6 0.66 1 4 0.9 1.5 168 119.461 10.871 12 169 151.94701 12.061 12 468 142.357 45.24 12
6 0.66 1 6 0.85 1.5 10 20.63101 0.037 7 10 55.225 0.051 7 17 4.09701 0.23901 7
6 0.66 1 6 0.9 1.5 79 53.09501 1.52601 9 79 103.768 3.91501 9 74 18.05501 4.48801 9
6 0.66 3 4 0.85 1.5 116 91.79001 16.17001 13 56 94.558 7.89301 13 808 333.21 166.11609 13
6 0.66 3 4 0.9 1.5 177 169.489 37.73201 15 106 137.69701 28.56 15 2683 2325.20191 1737.28907 15
6 0.66 3 6 0.85 1.5 115 93.669 6.99001 10 61 80.08201 3.28001 10 147 46.12 16.61701 10
6 0.66 3 6 0.9 1.5 399 260.17499 41.745 12 162 176.491 19.387 12 475 184.999 84.46001 12
6 0.66 5 6 0.85 1.5 140 115.502 12.67801 11 30 71.10901 1.25201 11 256 94.51001 40.741 11
6 0.66 5 6 0.9 1.5 429 276.92701 52.93601 14 80 105.81901 5.48201 14 1834 1166.52796 760.99073 14
6 0.72 1 2 0.85 1.5 175 178.116 41.504 20 151 167.021 40.991 20 
6 0.72 1 2 0.9 1.5 319 287.29599 96.40396 24 311 288.15799 88.00306 25 
6 0.72 1 4 0.85 1.5 1125 837.35401 269.82404 18 1059 920.36402 305.642 18 6219 11615.01954 10116.15918 18
6 0.72 1 4 0.9 1.5 2710 3001.87696 1578.52466 22 2379 2658.25391 1392.43506 22 
6 0.72 1 6 0.85 1.5 806 418.697 33.73301 13 806 470.64701 33.074 13 801 245.025 82.32699 13
6 0.72 1 6 0.9 1.5 4338 3273.02588 927.42615 17 4276 3124.32496 929.85969 17 4376 5220.79297 4054.68018 17
6 0.72 3 4 0.85 1.5 591 374.19901 131.92403 23 307 232.91001 66.47101 23 
6 0.72 3 4 0.9 1.5 958 647.54303 255.5111 27 413 290.35401 91.99601 27 
6 0.72 3 6 0.85 1.5 2887 1863.64295 698.54493 17 830 462.021 92.40405 17 4482 4940.56788 4085.23877 17
6 0.72 3 6 0.9 1.5 8436 13209.69922 9910.28028 21 1718 1378.84595 628.19648 21 
6 0.72 5 6 0.85 1.5 823 515.10199 195.7439 19 119 81.034 9.062 19 
6 0.72 5 6 0.9 1.5 1755 1344.04505 678.15259 23 230 144.88201 29.234 23 
4 0.66 1 2 0.85 1.5 11 9.22901 0.06301 8 11 14.049 0.12201 8 35 4.758 0.297 8
4 0.66 1 2 0.9 1.5 19 10.959 0.14201 11 19 16.696 0.13701 11 120 15.39701 1.95 11
4 0.66 1 3 0.85 1.5 13 10.016 0.06301 7 13 15.596 0.087 7 20 2.919 0.181 7
4 0.66 1 3 0.9 1.5 27 13.004 0.208 9 27 20.049 0.24401 9 68 8.964 0.84301 9
4 0.66 1 4 0.85 1.5 10 9.068 0.037 6 10 14.388 0.06201 6 10 1.744 0.08101 6
4 0.66 1 4 0.9 1.5 35 15.74401 0.171 8 35 23.03401 0.192 8 35 4.78701 0.284 8
4 0.66 2 3 0.85 1.5 19 10.90901 0.13001 9 14 16.314 0.09201 9 73 9.532 1.073 9
4 0.66 2 3 0.9 1.5 31 15.00501 0.29801 11 25 18.89 0.23301 11 125 16.39501 2.10001 11
4 0.66 2 4 0.85 1.5 20 12.47201 0.07501 7 13 15.176 0.06501 7 28 3.77301 0.26 7
4 0.66 2 4 0.9 1.5 58 20.95801 0.375 9 26 19.11101 0.175 9 61 8.323 0.796 9
4 0.66 3 4 0.85 1.5 35 16.046 0.203 8 12 15.06901 0.076 8 55 7.32001 0.646 8
4 0.66 3 4 0.9 1.5 61 21.893 0.571 10 18 17.70401 0.15401 10 115 15.52001 2.118 10
4 0.72 1 2 0.85 1.5 43 21.66501 0.559 16 35 22.21101 0.49401 16 474 66.697 13.376 16
4 0.72 1 2 0.9 1.5 52 26.59001 1.50001 19 51 26.84301 1.17101 21 949 150.907 44.96101 19
4 0.72 1 3 0.85 1.5 74 38.661 1.228 13 64 31.20001 0.98 13 229 31.085 4.6 13
4 0.72 1 3 0.9 1.5 137 68.64601 4.90701 17 134 56.15701 5.048 17 577 91.35701 19.01101 17
4 0.72 1 4 0.85 1.5 120 56.139 2.05801 11 120 48.829 1.63501 11 121 16.24601 2.396 11
4 0.72 1 4 0.9 1.5 280 103.154 7.54701 14 261 99.58001 6.784 14 291 47.42101 8.682 14
4 0.72 2 3 0.85 1.5 67 34.009 2.49501 16 45 24.334 0.75601 16 533 79.28501 19.86501 16
4 0.72 2 3 0.9 1.5 91 43.065 4.22801 21 45 24.956 1.099 21 1191 225.963 92.8121 21
4 0.72 2 4 0.85 1.5 227 95.25901 6.55001 14 87 40.62401 2.118 14 300 44.47701 8.674 14
4 0.72 2 4 0.9 1.5 400 177.17 26.99101 17 112 48.13801 3.359 17 580 92.71701 21.90801 17
4 0.72 3 4 0.85 1.5 123 51.49801 3.478 15 33 22.72801 0.38601 15 385 56.61801 12.90701 15
4 0.72 3 4 0.9 1.5 182 86.74801 9.56401 19 49 25.78301 0.617 19 851 138.644 40.96302 19
6 0.66 1 2 0.85 1.5 31 27.93001 0.70601 11 35 41.98601 0.89201 11 252 61.501 12.21801 11
6 0.66 1 2 0.9 1.5 68 49.08701 3.414 13 70 59.001 3.55301 13 799 228.73101 87.07003 13
6 0.66 1 4 0.85 1.5 58 43.044 1.13201 10 59 52.647 1.408 10 151 33.60901 5.25301 10
6 0.66 1 4 0.9 1.5 163 86.237 8.13601 12 163 104.80301 8.36801 12 489 127.23201 36.152 12
6 0.66 1 6 0.85 1.5 21 18.202 0.107 8 21 36.301 0.181 8 21 4.49301 0.252 8
6 0.66 1 6 0.9 1.5 79 43.981 0.889 9 79 62.28 1.11 9 74 15.08101 2.247 9
6 0.66 3 4 0.85 1.5 108 60.65001 6.005 13 56 52.12 3.064 13 808 235.133 89.73799 13
6 0.66 3 4 0.9 1.5 168 113.95401 15.188 15 125 94.95501 12.853 15 2694 1815.27906 1298.05481 15
6 0.66 3 6 0.85 1.5 122 67.48601 2.07501 10 64 55.009 1.23801 10 147 30.90201 4.89601 10
6 0.66 3 6 0.9 1.5 658 307.20499 36.073 13 248 152.577 16.429 13 803 240.47301 86.478 13
6 0.66 5 6 0.85 1.5 140 75.72001 3.751 11 28 38.34001 0.55001 11 314 72.25801 16.12601 11
6 0.66 5 6 0.9 1.5 258 148.448 11.921 13 52 51.96901 1.76301 13 1172 420.08201 208.2351 13
6 0.72 1 2 0.85 1.5 178 100.142 18.06301 20 142 105.755 19.474 20 
6 0.72 1 2 0.9 1.5 337 198.788 61.02401 24 298 197.57801 52.60501 25 
6 0.72 1 4 0.85 1.5 974 632.19703 222.35898 17 864 543.10303 151.35305 17 4417 4799.62696 3990.60254 17
6 0.72 1 4 0.9 1.5 2068 1612.76905 785.59571 21 1850 1623.38196 813.72669 21 
6 0.72 1 6 0.85 1.5 1292 603.284 72.90702 14 1289 655.07001 74.14506 14 1298 496.06601 247.16793 14
6 0.72 1 6 0.9 1.5 3604 2421.01807 620.20881 16 3884 2414.76001 723.79291 16 3631 3445.9939 2525.30494 16
6 0.72 3 4 0.85 1.5 491 295.112 93.39302 22 238 159.44201 36.62201 22 
6 0.72 3 4 0.9 1.5 961 652.03901 285.077 28 469 333.01001 120.74397 28 
6 0.72 3 6 0.85 1.5 2593 1579.099 582.96686 17 782 453.37201 96.78396 17 4482 4897.19092 4036.95411 17
6 0.72 3 6 0.9 1.5 10353 23579.5 18000.01172 22 2746 2980.60206 1783.09925 23 
6 0.72 5 6 0.85 1.5 754 432.21399 145.60102 19 128 88.17601 11.029 19 
6 0.72 5 6 0.9 1.5 2056 1718.75501 920.09528 24 274 172.963 39.388 24 
4 0.66 1 2 0.85 1.5 14 10.78 0.13 9 14 18.167 0.12701 9 56 8.188 0.58301 9
4 0.66 1 2 0.9 1.5 18 10.90401 0.139 10 18 16.324 0.15801 10 84 11.75101 1.24601 10
4 0.66 1 3 0.85 1.5 19 11.77401 0.12801 8 19 18.487 0.147 8 35 4.707 0.377 8
4 0.66 1 3 0.9 1.5 22 11.91101 0.167 9 22 21.144 0.24701 9 62 9.297 1.10801 9
4 0.66 1 4 0.85 1.5 10 10.84201 0.062 6 10 17.06901 0.03501 6 10 1.977 0.11901 6
4 0.66 1 4 0.9 1.5 35 16.44701 0.195 8 35 25.029 0.202 8 37 5.15701 0.357 8
4 0.66 2 3 0.85 1.5 20 13.27401 0.157 9 17 18.02401 0.12801 9 73 10.235 0.99801 9
4 0.66 2 3 0.9 1.5 32 15.25501 0.351 11 23 20.257 0.24701 11 125 17.24301 2.19101 11
4 0.66 2 4 0.85 1.5 20 12.372 0.09601 7 16 17.359 0.112 7 28 3.757 0.258 7
4 0.66 2 4 0.9 1.5 55 20.689 0.355 9 26 23.39201 0.19501 9 61 8.596 0.795 9
4 0.66 3 4 0.85 1.5 33 19.45001 0.242 8 13 18.278 0.131 8 49 6.956 0.59301 8
4 0.66 3 4 0.9 1.5 61 26.14101 0.684 10 18 19.70801 0.16601 10 115 18.02401 2.00101 10
4 0.72 1 2 0.85 1.5 39 18.40901 0.55701 15 26 22.203 0.362 15 383 56.871 10.561 15
4 0.72 1 2 0.9 1.5 58 28.69301 1.73601 19 39 27.02701 0.712 19 895 154.89501 42.11602 19
4 0.72 1 3 0.85 1.5 67 33.38601 2.04401 13 64 34.53401 1.393 13 229 35.18701 5.129 13
4 0.72 1 3 0.9 1.5 139 48.25 4.45501 17 125 55.188 6.117 17 577 94.23501 19.46499 17
4 0.72 1 4 0.85 1.5 163 78.91001 2.81901 12 163 65.839 2.46801 12 168 26.08201 3.69501 12
4 0.72 1 4 0.9 1.5 277 101.27201 6.077 14 259 98.934 5.577 14 291 43.764 7.57601 14
4 0.72 2 3 0.85 1.5 63 29.668 2.303 17 49 27.03401 1.057 17 636 104.19001 23.445 17
4 0.72 2 3 0.9 1.5 120 57.96401 5.75201 23 55 33.79601 2.29801 23 1600 431.978 230.17808 23
4 0.72 2 4 0.85 1.5 272 108.102 10.667 15 96 43.30301 1.831 15 384 56.759 10.255 15
4 0.72 2 4 0.9 1.5 438 198.29 31.00801 18 130 54.669 3.52001 18 694 115.493 25.929 18
4 0.72 3 4 0.85 1.5 128 45.36101 3.235 15 36 24.54101 0.425 15 385 61.273 10.74201 15
4 0.72 3 4 0.9 1.5 223 102.60901 13.26201 20 54 27.897 0.802 20 1002 179.01801 53.53704 20
6 0.66 1 2 0.85 1.5 46 37.056 1.164 12 43 49.434 1.14801 12 462 123.49 31.281 12
6 0.66 1 2 0.9 1.5 79 56.60201 4.89801 14 78 64.336 3.903 14 1287 516.32203 281.57905 14
6 0.66 1 4 0.85 1.5 65 47.65901 1.50601 10 65 59.56601 1.344 10 132 27.467 3.53501 10
6 0.66 1 4 0.9 1.5 164 84.48301 7.29401 12 162 115.52601 9.11501 12 474 131.818 38.63699 12
6 0.66 1 6 0.85 1.5 21 22.626 0.12401 8 21 36.03 0.202 8 21 4.627 0.276 8
6 0.66 1 6 0.9 1.5 79 45.899 0.963 9 79 68.96901 0.815 9 74 15.27001 1.558 9
6 0.66 3 4 0.85 1.5 114 67.81 6.65801 13 61 56.27701 3.308 13 809 254.43601 95.88202 13
6 0.66 3 4 0.9 1.5 229 159.87 23.898 16 160 114.56301 21.073 16 3893 3887.67798 3157.5044 16
6 0.66 3 6 0.85 1.5 116 76.55301 1.94 10 60 55.14301 1.36001 10 147 33.238 4.51301 10
6 0.66 3 6 0.9 1.5 494 254.03301 19.915 12 158 107.794 6.17201 12 478 124.85501 32.331 12
6 0.66 5 6 0.85 1.5 208 131.299 8.188 12 40 44.92301 0.96901 12 605 171.57201 55.49 12
6 0.66 5 6 0.9 1.5 316 179.71401 18.763 13 55 124.49701 72.55602 13 1172 440.21302 219.49198 13
6 0.72 1 2 0.85 1.5 154 92.375 12.641 19 127 105.92701 14.52701 19 
6 0.72 1 2 0.9 1.5 305 195.663 50.87003 24 344 266.168 91.52202 25 
6 0.72 1 4 0.85 1.5 896 600.12201 218.09308 17 814 508.404 129.14798 17 4417 5027.2129 4171.58643 17
6 0.72 1 4 0.9 1.5 3188 3821.44996 2531.292 23 2743 3500.85108 2264.60401 23 
6 0.72 1 6 0.85 1.5 793 467.59 33.42901 13 793 413.78 34.82002 13 800 240.98501 85.82697 13
6 0.72 1 6 0.9 1.5 4470 2829.6731 1000.36152 17 4234 2826.36304 918.23108 17 4390 5073.50391 4029.68897 17
6 0.72 3 4 0.85 1.5 584 445.478 124.45998 23 304 219.94001 63.506 23 
6 0.72 3 4 0.9 1.5 922 614.63801 251.11503 27 487 369.52701 137.63801 27 
6 0.72 3 6 0.85 1.5 3679 2755.46192 1310.5127 18 1020 644.32898 178.88306 18 6256 10197.36329 8984.10547 18
6 0.72 3 6 0.9 1.5 8743 14153.19239 10557.00489 21 1944 1685.40003 802.37818 21 
6 0.72 5 6 0.85 1.5 731 469.603 170.78199 19 133 92.58201 10.746 19 
6 0.72 5 6 0.9 1.5 2048 1789.71302 993.49207 24 318 217.165 56.66102 24 
4 0.66 1 2 0.85 1.5 16 11.17301 0.11201 9 16 16.098 0.10701 9 56 7.49201 0.63401 9
4 0.66 1 2 0.9 1.5 17 10.69 0.12001 10 18 17.51301 0.14201 10 96 12.509 1.466 10
4 0.66 1 3 0.85 1.5 17 10.80001 0.097 7 17 17.17201 0.105 7 20 3.05901 0.19901 7
4 0.66 1 3 0.9 1.5 22 12.57801 0.19101 9 22 19.994 0.164 9 62 8.742 1.032 9
4 0.66 1 4 0.85 1.5 10 9.355 0.037 6 10 16.404 0.042 6 10 1.903 0.11201 6
4 0.66 1 4 0.9 1.5 20 11.90201 0.11401 7 20 18.23801 0.149 7 22 3.50501 0.24301 7
4 0.66 2 3 0.85 1.5 19 11.78801 0.19201 9 15 16.78401 0.167 9 73 10.322 1.21401 9
4 0.66 2 3 0.9 1.5 33 15.947 0.47401 11 26 20.351 0.275 11 125 18.16501 2.675 11
4 0.66 2 4 0.85 1.5 20 13.01201 1.03701 7 13 16.96101 0.10501 7 28 4.02 0.30701 7
4 0.66 2 4 0.9 1.5 58 23.494 0.499 9 30 24.112 0.311 9 61 9.96701 1.073 9
4 0.66 3 4 0.85 1.5 33 16.306 0.276 8 12 16.553 0.076 8 49 6.92101 0.62 8
4 0.66 3 4 0.9 1.5 81 30.93301 1.39 11 22 19.842 0.19401 11 129 18.88401 2.72801 11
4 0.72 1 2 0.85 1.5 37 16.90501 0.514 15 30 22.54001 0.43501 15 383 57.13601 11.319 15
4 0.72 1 2 0.9 1.5 54 28.585 1.726 19 47 27.84301 1.053 19 895 165.96801 42.41603 19
4 0.72 1 3 0.85 1.5 94 40.92301 2.45201 14 87 39.95601 1.67901 14 290 43.174 6.759 14
4 0.72 1 3 0.9 1.5 163 87 4.81201 18 154 69.11901 9.57501 18 690 111.713 24.51599 18
4 0.72 1 4 0.85 1.5 164 73.878 2.841 12 164 63.579 1.96601 12 168 23.25901 3.145 12
4 0.72 1 4 0.9 1.5 352 114.24501 10.33801 15 339 130.435 11.175 15 366 58.90001 10.217 15
4 0.72 2 3 0.85 1.5 72 28.018 2.145 17 42 24.99501 0.746 17 602 92.447 21.38001 17
4 0.72 2 3 0.9 1.5 90 42.828 2.64401 21 53 30.04701 1.36601 21 1192 239.14101 93.30701 21
4 0.72 2 4 0.85 1.5 177 71.127 3.21101 13 77 37.03201 1.28501 13 243 35.517 6.001 13
4 0.72 2 4 0.9 1.5 368 144.756 22.59801 17 116 53.01101 3.507 17 580 86.80401 20.55 17
4 0.72 3 4 0.85 1.5 123 61.285 3.837 16 42 24.62001 0.48601 16 477 71.02 14.068 16
4 0.72 3 4 0.9 1.5 180 84.547 9.12501 19 44 25.23901 0.54401 19 851 142.08201 39.25504 19
6 0.66 1 2 0.85 1.5 44 33.38601 0.96601 12 43 52.47001 1.13801 12 462 121.87201 31.127 12
6 0.66 1 2 0.9 1.5 54 46.675 1.582 13 52 51.396 1.599 13 799 232.73101 84.51201 13
6 0.66 1 4 0.85 1.5 61 47.16401 0.938 10 63 55.12 1.22601 10 151 31.90601 4.29201 10
6 0.66 1 4 0.9 1.5 163 82.515 6.65501 12 163 105.755 7.34 12 489 132.56901 35.67699 12
6 0.66 1 6 0.85 1.5 10 19.44301 0.038 7 10 30.45701 0.05401 7 17 3.78901 0.183 7
6 0.66 1 6 0.9 1.5 61 38.47001 0.71501 9 61 53.83201 0.78401 9 58 11.22701 1.003 9
6 0.66 3 4 0.85 1.5 134 76.24801 9.00101 13 70 63.78901 3.90701 13 808 238.286 88.53199 13
6 0.66 3 4 0.9 1.5 221 156.16901 24.527 16 131 103.863 16.93501 16 3852 3756.79395 3036.94483 16
6 0.66 3 6 0.85 1.5 184 96.73101 4.631 10 71 62.04701 1.85401 10 178 40.83001 6.63201 10
6 0.66 3 6 0.9 1.5 473 241.25901 20.78201 12 152 108.94201 6.441 12 539 148.61701 43.89499 12
6 0.66 5 6 0.85 1.5 165 95.02 6.12001 12 41 44.01901 0.873 12 536 142.17301 42.52402 12
6 0.66 5 6 0.9 1.5 350 216.03501 25.09201 13 56 53.806 2.18301 13 1172 443.84202 219.18406 13
6 0.72 1 2 0.85 1.5 186 105.186 17.374 20 163 117.10901 23.019 20 
6 0.72 1 2 0.9 1.5 261 149.99401 31.296 23 273 190.405 47.79 23 
6 0.72 1 4 0.85 1.5 1101 715.27302 235.50103 18 1025 683.80402 210.22899 18 6219 10252.24317 9100.97461 18
6 0.72 1 4 0.9 1.5 2689 2565.0459 1496.32935 22 2398 2982.021 1525.51014 22 
6 0.72 1 6 0.85 1.5 1293 821.36603 85.49593 14 1291 698.35303 82.97707 14 1298 600.27399 268.57892 14
6 0.72 1 6 0.9 1.5 4416 2894.44312 1008.70838 17 4244 2930.37598 935.80103 17 4390 5169.76905 4118.8003 17
6 0.72 3 4 0.85 1.5 583 463.473 136.40006 23 325 245.726 76.143 23 
6 0.72 3 4 0.9 1.5 1089 781.78998 340.74805 28 546 433.305 174.60799 28 
6 0.72 3 6 0.85 1.5 2620 1722.99598 620.58967 17 753 457.57999 96.61208 17 4482 5065.05616 4224.37549 17
6 0.72 3 6 0.9 1.5 10224 21791.61915 16363.38379 22 2166 2383.92994 1115.21839 22 
6 0.72 5 6 0.85 1.5 1149 1033.39502 415.81595 21 186 150.09 20.36901 21 
6 0.72 5 6 0.9 1.5 2242 2091.03492 1122.11719 25 331 218.517 56.25698 25 
4 0.66 1 2 0.85 1.5 11 9.322 0.076 8 11 14.268 0.075 8 35 4.70101 0.3 8
4 0.66 1 2 0.9 1.5 22 11.26501 0.19801 11 22 17.755 0.213 11 120 16.22501 2.25401 11
4 0.66 1 3 0.85 1.5 13 9.912 0.70001 7 13 15.539 0.12101 7 20 2.837 0.17901 7
4 0.66 1 3 0.9 1.5 35 15.97501 0.362 10 35 22.608 0.41201 10 91 11.99601 1.64 10
4 0.66 1 4 0.85 1.5 10 8.49401 0.04301 6 10 13.969 0.044 6 10 1.787 0.099 6
4 0.66 1 4 0.9 1.5 29 14.186 0.173 7 29 20.85401 0.229 7 25 3.45701 0.258 7
4 0.66 2 3 0.85 1.5 21 11.999 0.18801 9 17 16.931 0.147 9 73 9.85201 1.056 9
4 0.66 2 3 0.9 1.5 42 18.209 0.587 12 28 20.286 0.363 12 166 22.82 3.75401 12
4 0.66 2 4 0.85 1.5 33 15.03601 0.205 8 20 18.58 0.15201 8 36 5.343 0.43501 8
4 0.66 2 4 0.9 1.5 56 22.644 0.456 9 22 19.87001 0.21001 9 61 8.29 0.85001 9
4 0.66 3 4 0.85 1.5 35 15.275 0.26801 8 11 14.66601 0.07701 8 49 6.875 0.62701 8
4 0.66 3 4 0.9 1.5 75 26.851 0.969 11 24 19.484 0.22801 11 129 17.84301 2.541 11
4 0.72 1 2 0.85 1.5 41 18.19701 0.60901 15 34 24.969 0.518 16 383 57.65201 10.63901 15
4 0.72 1 2 0.9 1.5 53 19.615 0.946 19 43 26.39501 0.845 19 895 151.538 41.82005 19
4 0.72 1 3 0.85 1.5 90 44.973 2.54901 14 90 40.58301 1.897 14 290 41.49301 7.099 14
4 0.72 1 3 0.9 1.5 164 66.81701 7.63701 18 135 66.47101 7.126 18 682 128.92701 28.56401 18
4 0.72 1 4 0.85 1.5 163 72.09 3.68001 12 162 72.95401 2.91 12 168 26.75901 4.575 12
4 0.72 1 4 0.9 1.5 354 121.574 11.76501 15 331 126.13601 10.01201 15 366 60.535 11.45701 15
4 0.72 2 3 0.85 1.5 64 29.51701 2.45501 17 42 25.838 0.744 17 570 89.086 19.774 17
4 0.72 2 3 0.9 1.5 103 53.41501 4.06901 21 64 32.52001 1.69501 21 1191 238.896 94.40109 21
4 0.72 2 4 0.85 1.5 220 97.422 5.92401 14 89 40.54701 1.716 14 326 48.03201 8.35501 14
4 0.72 2 4 0.9 1.5 454 195.523 32.99399 18 132 56.06601 3.757 18 694 111.904 27.44201 18
4 0.72 3 4 0.85 1.5 114 57.064 3.362 15 37 22.59601 0.43301 15 385 60.467 12.39301 15
4 0.72 3 4 0.9 1.5 187 85.19301 8.623 18 45 24.93701 0.61101 18 725 118.076 29.71902 18
6 0.66 1 2 0.85 1.5 41 31.887 0.91 12 43 48.044 1.061 12 462 125.004 32.24601 12
6 0.66 1 2 0.9 1.5 81 67.95701 5.92701 14 79 71.019 5.07601 14 1388 574.01203 311.7847 14
6 0.66 1 4 0.85 1.5 109 60.684 3.21001 11 109 79.07 3.284 11 255 61.34401 12.342 11
6 0.66 1 4 0.9 1.5 254 174.502 19.077 13 254 164.056 17.85901 13 852 269.926 102.82596 13
6 0.66 1 6 0.85 1.5 10 19.24 0.04901 7 10 29.62401 0.05201 7 17 3.748 0.19601 7
6 0.66 1 6 0.9 1.5 126 66.47001 1.669 10 126 86.52601 1.79601 10 126 26.85401 3.346 10
6 0.66 3 4 0.85 1.5 114 65.70301 6.62201 13 63 67.974 3.54 13 808 254.50501 96.95997 13
6 0.66 3 4 0.9 1.5 226 155.97201 24.92101 16 133 102.006 14.289 16 3834 3686.40699 2973.49195 16
6 0.66 3 6 0.85 1.5 119 69.183 1.789 10 66 58.37201 1.35901 10 147 31.72 4.389 10
6 0.66 3 6 0.9 1.5 468 228.316 18.306 12 158 106.73601 6.627 12 478 124.38301 34.25502 12
6 0.66 5 6 0.85 1.5 170 106.48001 6.04101 12 39 42.66 0.87701 12 536 146.23101 45.60402 12
6 0.66 5 6 0.9 1.5 409 240.443 36.76601 14 67 59.038 2.62701 14 1844 916.31202 569.87391 14
6 0.72 1 2 0.85 1.5 195 111.866 20.11601 20 176 126.142 23.332 20 
6 0.72 1 2 0.9 1.5 385 273.59501 59.37 25 294 208.93 59.635 25 
6 0.72 1 4 0.85 1.5 833 493.603 144.83698 17 807 519.72901 127.01405 17 4584 5236.69288 4397.45948 17
6 0.72 1 4 0.9 1.5 2723 2943.4751 1488.6316 22 2415 2537.02588 1465.23841 22 
6 0.72 1 6 0.85 1.5 1511 731.865 108.98297 14 1616 912.92603 127.43297 14 1310 518.92798 271.28974 14
6 0.72 1 6 0.9 1.5 3814 2332.5271 729.51728 16 3768 2399.50709 711.29902 16 3259 2746.68995 1966.58313 16
6 0.72 3 4 0.85 1.5 560 432.749 166.26404 23 304 274.223 90.71602 23 
6 0.72 3 4 0.9 1.5 1007 1134.84498 531.10883 27 398 309.07502 102.53001 27 
6 0.72 3 6 0.85 1.5 2939 2296.42994 1021.84003 17 742 511.19901 132.06197 17 4482 6640.53809 5739.18311 17
6 0.72 3 6 0.9 1.5 9980 22432.14454 18000.03321 22 2114 2277.323 1212.59363 22 
6 0.72 5 6 0.85 1.5 951 907.081 499.37311 19 142 108.862 18.151 19 
6 0.72 5 6 0.9 1.5 2117 2110.83008 1215.44898 24 309 262.70301 102.57501 24 
