nbStage BNEfficiency BN1 BN2 Sigma noBN_CT Alter6_numit Alter6_TotalTime Alter6_CplexTime Alter6_totalBuffer Alter6Rev_numit Alter6Rev_TotalTime Alter6Rev_CplexTime Alter6Rev_totalBuffer Stolletz_numit Stolletz_TotalTime Stolletz_CplexTime Stolletz_totalBuffer
4 0.66 0 0 0.85 1.5 203 64.501 8.233 18 118 48.55501 4.996 18 717 118.79001 25.29602 18
6 0.72 0 0 0.9 1.5 4365 19542.96094 18000.06055 64 3296 19124.2793 18000.19532 68 
4 0.66 0 0 0.85 1.5 198 64.45 7.827 18 115 47.98401 5.04101 18 717 118.20701 24.549 18
6 0.72 0 0 0.9 1.5 4426 19980.2461 18000.00977 65 3303 19139.32227 18000.03907 69 
4 0.66 0 0 0.85 1.5 198 69.826 7.73301 18 118 46.07501 4.11201 18 717 117.86001 24.503 18
6 0.72 0 0 0.9 1.5 4479 19919.91993 18000.02344 66 3390 19120.30079 18000.01563 71 
4 0.66 0 0 0.85 1.5 202 62.18001 8.176 18 113 42.75501 4.75601 18 717 110.81701 24.35601 18
6 0.72 0 0 0.9 1.5 4412 19317.74219 18000.01368 63 3284 19099.93165 18000.00782 68 
4 0.66 0 0 0.85 1.5 204 72.298 7.60501 18 113 50.00401 5.558 18 786 130.38601 29.02902 18
6 0.5 0 0 0.9 1.5 1579 852.20801 333.3249 16 1152 890.17701 430.17484 16 3061 2407.9961 1680.81043 16
6 0.5 0 0 0.9 1.5 1576 886.33899 372.878 16 1070 759.10901 330.68213 16 3061 2431.44605 1656.17054 16
6 0.5 0 0 0.9 1.5 1096 552.61402 156.27295 15 729 513 190.20501 15 2326 1368.52405 917.57325 15
6 0.5 0 0 0.9 1.5 1103 538.00098 163.99207 15 680 466.89002 179.1391 15 2339 1371.90503 916.13453 15
6 0.5 0 0 0.9 1.5 1187 650.78602 212.00106 15 774 538.29603 220.95803 15 2339 1387.69898 928.90357 15
