nbStage BNEfficiency BN1 BN2 Sigma noBN_CT Alter6_numit Alter6_TotalTime Alter6_CplexTime Alter6_totalBuffer Alter6Rev_numit Alter6Rev_TotalTime Alter6Rev_CplexTime Alter6Rev_totalBuffer Stolletz_numit Stolletz_TotalTime Stolletz_CplexTime Stolletz_totalBuffer
6 0.9 1 0 0.9 1.5 211 150.027 26.78001 13 210 187.86701 29.479 13 792 353.099 143.28992 13
6 0.9 1 0 0.9 1.5 132 87.64901 11.428 11 132 114.78501 12.906 11 268 94.418 30.31 11
6 0.9 1 0 0.9 1.5 157 103.96901 16.62501 12 145 122.156 15.716 12 462 176.07401 62.714 12
6 0.9 1 0 0.9 1.5 144 109.92401 17.155 12 144 124.686 15.392 12 462 177.86701 63.61701 12
6 0.9 1 0 0.9 1.5 213 156.355 28.29801 13 212 175.30701 28.928 13 792 345.83701 139.86298 13
6 0.9 3 0 0.9 1.5 648 541.17701 180.13796 17 386 351.383 114.37203 17 4375 6555.18409 5446.49561 17
6 0.9 3 0 0.9 1.5 517 394.28101 129.58701 16 315 276.18702 81.317 16 3053 3147.56202 2378.20313 16
6 0.9 3 0 0.9 1.5 498 377.836 129.73 16 302 270.39701 76.57102 16 3053 3156.74292 2368.01905 16
6 0.9 3 0 0.9 1.5 714 562.357 217.82401 18 364 328.84699 109.06898 18 6201 13559.26758 11911.57911 18
6 0.9 3 0 0.9 1.5 544 401.754 136.76197 17 323 273.875 71.61699 17 4383 6465.76221 5370.63917 17
6 0.9 4 0 0.9 1.5 597 446.39402 143.26995 16 290 263.37601 72.024 16 3014 3055.11207 2287.83326 16
6 0.9 4 0 0.9 1.5 765 609.89301 230.89101 17 412 365.08701 122.47099 17 4440 6675.45801 5534.1587 17
6 0.9 4 0 0.9 1.5 840 693.22999 289.50303 17 390 337.01801 110.25599 17 4492 6904.16114 5737.05909 17
6 0.9 4 0 0.9 1.5 590 380.89899 119.10199 16 257 230.771 58.359 16 3019 3033.3501 2280.84937 16
6 0.9 4 0 0.9 1.5 743 504.09501 186.95498 17 395 255.27001 71.07403 17 4440 4683.60303 3831.58204 17
6 0.9 6 0 0.9 1.5 402 169.76401 10.931 12 149 95.86101 5.811 12 478 129.931 30.427 12
6 0.9 6 0 0.9 1.5 397 222.448 11.538 12 128 86.09401 4.37401 12 605 170.22201 47.56597 12
6 0.9 6 0 0.9 1.5 394 188.068 10.859 12 125 84.35901 5.43401 12 738 217.739 67.78798 12
6 0.9 6 0 0.9 1.5 399 191.24001 11.31301 12 122 80.26201 4.099 12 536 144.088 38.27199 12
6 0.9 6 0 0.9 1.5 404 228.05401 11.149 12 161 104.26301 7.415 12 536 140.157 38.66501 12
6 0.92 1 0 0.9 1.5 355 195.93 35.90901 15 356 203.915 36.81901 15 2033 1037.38099 647.61854 15
6 0.92 1 0 0.9 1.5 326 149.41001 28.263 15 343 193.87101 37.316 15 2745 1812.42701 1290.1814 15
6 0.92 1 0 0.9 1.5 359 163.09301 33.33701 15 348 199.504 37.02901 15 2937 2025.45704 1481.76551 15
6 0.92 1 0 0.9 1.5 361 166.596 38.401 15 325 187.357 34.07001 15 2033 1038.22706 650.34107 15
6 0.92 1 0 0.9 1.5 267 129.68801 28.97802 14 262 148.22501 16.17601 14 1287 479.805 242.44706 14
6 0.92 3 0 0.9 1.5 1204 843.06702 443.97703 21 688 484.155 206.31995 21 
6 0.92 3 0 0.9 1.5 845 610.94501 201.05001 19 493 338.008 121.98704 19 
6 0.92 3 0 0.9 1.5 676 374.70099 144.98302 18 423 284.65201 95.55202 18 6201 9347.00098 8213.20508 18
6 0.92 3 0 0.9 1.5 1157 923.81299 402.53489 21 692 596.48902 216.34198 21 
6 0.92 3 0 0.9 1.5 1154 883.77601 492.51008 21 625 510.59699 241.91405 21 
6 0.92 4 0 0.9 1.5 1565 1194.86902 733.59113 21 703 509.99399 226.68201 21 
6 0.92 4 0 0.9 1.5 1428 1105.77295 673.96619 21 591 391.503 148.07892 21 
6 0.92 4 0 0.9 1.5 1019 636.05799 303.6377 19 559 364.004 141.49006 19 
6 0.92 4 0 0.9 1.5 1099 746.77601 401.878 20 513 306.806 106.89903 20 
6 0.92 4 0 0.9 1.5 1370 1036.32996 584.99506 21 576 370.30802 141.77207 21 
6 0.92 6 0 0.9 1.5 1388 599.09699 149.67391 15 310 166.06501 17.199 15 2687 1774.23401 1212.969 15
6 0.92 6 0 0.9 1.5 950 461.409 67.227 14 243 137.09701 11.68701 14 1540 653.146 359.4889 14
6 0.92 6 0 0.9 1.5 1415 615.35499 146.08809 15 320 181.644 22.67301 15 2088 1107.73597 693.58198 15
6 0.92 6 0 0.9 1.5 1454 685.71802 171.71911 15 351 191.78301 22.93201 15 2084 1077.35901 688.63691 15
6 0.92 6 0 0.9 1.5 941 403.03101 68.04601 14 256 141.09 12.79901 14 1857 979.15998 535.83057 14
